<!DOCTYPE html>
<html lang="en">
  <head>
    <meta charset="utf-8">
<title>.CallOctave. RcppOctave 0.9.1</title>
<meta name="viewport" content="width=device-width, initial-scale=1.0">
<meta name="author" content="">

<!-- bootstrap css -->
<link href="css/bootstrap.css" rel="stylesheet">
<link href="css/bootstrap-responsive.css" rel="stylesheet">
<!-- highlighting css -->
<link href="css/highlight.css" rel="stylesheet">
<!-- custom css -->
<link href="css/staticdocs.css" rel="stylesheet">

<!-- bootstrap javascript -->
<script src="js/jquery.min.js"></script>
<script src="js/bootstrap.min.js"></script>
<!-- d3 word cloud -->
<script src="js/d3.v2.min.js"></script>
<script src="js/d3.layout.cloud.js"></script>

<!--[if lt IE 9]>
  <script src="http://html5shim.googlecode.com/svn/trunk/html5.js"></script>
<![endif]-->
  </head>

  <body>
    <div class="navbar">
  <div class="navbar-inner">
    <div class = "container">
      <a class="brand" href="index.html">RcppOctave 0.9.1</a>
      <div class="nav">
        <ul class="nav">
        <li><a href="_MAN.html"><i class="icon-home icon-white"></i> Index</a></li>
       </ul>
   	  </div>
    </div>
  </div>
</div>

    <div class="container">
      <header>
        
      </header>
      
      <h1>Calling an Octave Function</h1>

<div class="row">
  <div class="span8">
    <h2>Usage</h2>
    <pre>.CallOctave(.NAME, ..., argout = -1, unlist = !is.character(argout))</pre>
    
    <h2>Arguments</h2>
    <dl>
      <dt>.NAME</dt>
      <dd>an Octave function name. The function must
  be a valid function name in the current Octave session.</dd>
      <dt>...</dt>
      <dd>arguments passed to the Octave function</dd>
      <dt>argout</dt>
      <dd>the number of output values, or a vector of
  names to use as output variable names. The names are
  directly used and applied to the result list in their
  original order.

  The default value <code>argout=-1</code> returns: <ul>
<li> all output values when their number can be
  determined. This would typically be the case for
  functions defined in .m files. Please do read section
  <em>Details</em> for considerations about the functions
  that use varargout. </li>
<li> only the first one otherwise.
  </li>
</ul>
</dd>
      <dt>unlist</dt>
      <dd>a logical that specifies if an output list
  of length one should be simplified and returned as a
  single value or kept as a list. The default is to unlist
  unless output names were passed in <code>argout</code>.</dd>
    </dl>
    
    <div class="Value">
      <h2>Value</h2>
      
      <p>the value returned by the Octave function -- converted
  into standard R objects.</p>
  
    </div>

    <div class="Description">
      <h2>Description</h2>
      
      <p><code>.CallOctave</code> calls an Octave function and returns
  its value.</p>
  
    </div>
    
    <h2 id="examples">Examples</h2>
    <pre class="examples"><div class='input'># data matrix</div><div class='input'>x <- matrix(1:9, 3)
</div><div class='input'></div><div class='input'># call Octave function 'svd': equivalent to [S] = svd(x). See o_help(svd)</div><div class='input'>.CallOctave('svd', x)
</div>
<div class='output'>             [,1]
[1,] 1.684810e+01
[2,] 1.068370e+00
[3,] 6.859989e-17
</div><div class='input'></div><div class='input'># call Octave function 'svd' asking for 3 output values: [U, S, V] = svd(x)</div><div class='input'>.CallOctave('svd', x, argout=3)
</div>
<div class='output'>[[1]]
           [,1]        [,2]       [,3]
[1,] -0.4796712  0.77669099  0.4082483
[2,] -0.5723678  0.07568647 -0.8164966
[3,] -0.6650644 -0.62531805  0.4082483

[[2]]
        [,1]    [,2]         [,3]
[1,] 16.8481 0.00000 0.000000e+00
[2,]  0.0000 1.06837 0.000000e+00
[3,]  0.0000 0.00000 3.356916e-16

[[3]]
           [,1]       [,2]       [,3]
[1,] -0.2148372 -0.8872307 -0.4082483
[2,] -0.5205874 -0.2496440  0.8164966
[3,] -0.8263375  0.3879428 -0.4082483

</div><div class='input'></div><div class='input'># call Octave function 'svd' asking for 3 named output values: [U, S, V] = svd(x)</div><div class='input'>.CallOctave('svd', x, argout=c('U', 'S', 'V'))
</div>
<div class='output'>$U
           [,1]        [,2]       [,3]
[1,] -0.4796712  0.77669099  0.4082483
[2,] -0.5723678  0.07568647 -0.8164966
[3,] -0.6650644 -0.62531805  0.4082483

$S
        [,1]    [,2]         [,3]
[1,] 16.8481 0.00000 0.000000e+00
[2,]  0.0000 1.06837 0.000000e+00
[3,]  0.0000 0.00000 3.356916e-16

$V
           [,1]       [,2]       [,3]
[1,] -0.2148372 -0.8872307 -0.4082483
[2,] -0.5205874 -0.2496440  0.8164966
[3,] -0.8263375  0.3879428 -0.4082483

</div></pre>
  </div>
  <div class="span4">
    <!-- <ul>
      <li>.CallOctave</li>
    </ul>
    <ul>
      
    </ul> -->
      
        
  </div>
</div>
      
      <footer>
      <p class="pull-right"><a href="#">Back to top</a></p>
<p>Built by <a href="https://github.com/hadley/staticdocs">staticdocs</a>. Styled with <a href="http://twitter.github.com/bootstrap">bootstrap</a>.</p>
      </footer>
    </div>
  </body>
</html>